idn
1286950430
1286950422
1286950414
1286950406
1286950392
1286950384
1286950376
1286950368
128695035X
1286950341
1286950333
1286950325
1286950317
1286950309
1286950295
1286950287
1286950279
1286950260
1286950252
1286950244
1286950236
1286950228
128695021X
1286950201
1286950198
128695018X
1286950171
1286950155
1286950147
1286950139
1286950120
1286950112
1286950104
1286950090
1286950082
1286950074
1286950066
1286950058
128695004X
1286950031
1286950023
1286950015
1286950007
1286949998
128694998X
1286949971
1286949963
1286949955
1286949947
1286949939
1286949920
1286949912
1286949890
1286949882
1286949874
1286949866
1286949858
128694984X
1286949831
1286949823
1286949815
1286949793
1286949777
1286949750
1286949742
1286949734
1286949726
1286949718
128694970X
1286949696
1286949688
128694967X
1286949661
1286949653
1286949645
1286949637
1286949629
1286949610
1286949602
1286949599
1286949580
1286949572
1286949564
1286949556
1286949548
128694953X
1286949521
1286949513
1286949505
1286949491
1286949483
1286949475
1286949467
1286949459
1286949440
1286949432
1286949424
1286949416
1286949394
1286949386
1286949378
128694936X
1286949351
1286949335
1286949327
1286949319
1286949300
1286949297
1286949289
1286949270
1286949262
1286949254
1286949246
1286949238
128694922X
1286949211
1286949203
128694919X
1286949181
1286949173
1286949165
1286949157
1286949149
1286949130
1286949122
1286949114
1286949106
1286949092
1286949084
1286949076
1286949068
128694905X
1286949041
1286949033
1286949025
1286949017
1286949009
1286948991
1286948983
1286948975
1286948967
1286948959
1286948940
1286948932
1286948924
1286948916
1286948908
1286948894
1286948886
1286948878
128694886X
1286948851
1286948843
1286948835
1286948827
1286948819
1286948800
1286948797
1286948789
1286948770
1286948762
1286948754
1286948746
1286948738
128694872X
1286948711
128694869X
1286948681
1286948673
1286948665
1286948657
1286948649
1286948630
1286948614
1286948606
1286948592
1286948584
1286948576
1286948568
128694855X
1286948541
1286948533
1286948525
1286948517
1286948509
1286948495
1286948487
1286948479
1286948460
1286948452
1286948444
1286948436
1286948428
128694841X
1286948401
1286948398
128694838X
1286948371
1286948363
1286948355
1286948347
1286948339
1286948320
1286948312
1286948304
1286948290
1286948282
1286948274
1286948266
1286948258
128694824X
1286948231
1286948223
1286948215
1286948193
1286948185
1286948177
1286948169
1286948142
1286948134
1286948126
1286948118
128694810X
1286948096
128694807X
1286948061
1286948053
1286948045
1286948037
1286948029
1286948010
1286948002
1286947995
1286947987
1286947979
1286947960
1286947952
1286947944
1286947936
1286947928
128694791X
1286947901
1286947898
128694788X
1286947871
1286947863
1286947855
1286947847
1286947839
1286947820
1286947804
1286947790
1286947782
1286947766
1286947758
128694774X
1286947731
1286947723
1286947715
1286947707
1286947693
1286947685
1286947677
1286947669
1286947650
1286947642
1286947634
1286947626
1286947618
128694760X
1286947596
1286947588
128694757X
1286947561
1286947553
1286947545
1286947537
1286947529
1286947510
1286947502
1286947499
1286947480
1286947472
1286947464
1286947456
1286947448
128694743X
1286947421
1286947413
1286947405
1286947391
1286947383
1286947375
1286947367
1286947359
1286947340
1286947332
1286947324
1286947316
1286947308
1286947286
1286947278
128694726X
1286947251
1286947243
1286947235
1286947227
1286947200
1286947197
1286947189
1286947170
1286947162
1286947154
1286947146
1286947138
128694712X
1286947111
1286947103
128694709X
1286947081
1286947073
1286947057
1286947049
1286947030
1286947022
1286947014
1286947006
1286946999
1286946980
1286946972
1286946964
1286946956
1286946948
128694693X
1286946921
1286946913
1286946905
1286946891
1286946883
1286946875
1286946867
1286946859
1286946840
1286946832
1286946824
1286946816
1286946808
1286946794
1286946786
1286946778
128694676X
1286946751
1286946743
1286946735
1286946719
1286946697
1286946689
1286946670
1286946662
1286946654
1286946646
1286946638
128694662X
1286946611
1286946603
128694659X
1286946581
1286946573
1286946565
1286946557
1286946549
1286946530
1286946522
1286946514
1286946506
1286946492
1286946484
1286946476
1286946468
128694645X
1286946441
1286946433
1286946425
1286946417
1286946409
1286946395
1286946387
1286946379
1286946360
1286946352
1286946344
1286946336
1286946328
128694631X
1286946301
1286946298
128694628X
1286946271
1286946263
1286946255
1286946247
1286946220
1286946212
1286946204
1286946190
1286946182
1286946174
1286946166
1286946158
1286946131
1286946123
1286946115
1286946107
1286946093
1286946085
1286946077
1286946050
1286946042
1286946034
1286946026
1286946018
128694600X
1286945992
1286945984
1286945976
1286945968
128694595X
1286945941
1286945933
1286945925
1286945917
1286945909
1286945895
1286945887
1286945879
1286945860
1286945852
1286945844
1286945836
1286945828
128694581X
1286945801
1286945798
128694578X
1286945771
1286945763
1286945755
1286945747
1286945739
1286945720
1286945712
1286945704
1286945690
1286945682
1286945674
1286945666
1286945658
128694564X
1286945631
1286945623
1286945615
1286945607
1286945593
1286945585
1286945577
1286945569
1286945550
1286945542
1286945534
1286945526
1286945518
128694550X
1286945496
1286945488
128694547X
1286945461
1286945453
1286945445
1286945437
1286945429
1286945410
1286945402
1286945399
1286945380
1286945372
1286945364
1286945356
1286945348
128694533X
1286945321
1286945313
1286945305
1286945291
1286945283
1286945275
1286945267
1286945259
1286945240
1286945232
1286945224
1286945216
1286945208
1286945194
1286945186
128694516X
1286945151
1286945143
1286945135
1286945127
1286945119
1286945100
1286945097
1286945089
1286945070
1286945062
1286945054
1286945046
1286945038
128694502X
1286945003
1286944996
1286944988
1286944961
1286944953
1286944945
1286944937
1286944929
1286944910
1286944902
1286944880
1286944872
1286944864
1286944856
1286944848
128694483X
1286944821
1286944813
1286944805
1286944791
1286944783
1286944775
1286944767
1286944759
1286944740
1286944724
1286944716
1286944708
1286944694
1286944686
1286944678
128694466X
1286944651
1286944643
1286944635
1286944627
1286944619
1286944600
1286944597
1286944589
1286944570
1286944562
1286944554
1286944546
1286944538
128694452X
1286944511
1286944503
128694449X
1286944481
1286944473
1286944465
1286944457
1286944430
1286944422
1286944414
1286944406
1286944392
1286944384
1286944376
1286944368
128694435X
1286944341
1286944333
1286944325
1286944317
1286944309
1286944295
1286944287
1286944279
1286944260
1286944252
1286944244
1286944236
1286944228
128694421X
1286944201
1286944198
128694418X
1286944171
1286944163
1286944155
1286944147
1286944139
1286944120
1286944112
1286944104
1286944090
1286944082
1286944074
1286944066
1286944058
128694404X
1286944031
1286944023
1286944015
1286944007
128694399X
1286943981
1286943973
1286943965
1286943957
1286943949
1286943930
1286943922
1286943914
1286943906
1286943892
1286943884
1286943876
1286943868
128694385X
1286943841
1286943833
1286943825
1286943817
1286943809
1286943795
1286943779
1286943760
1286943752
1286943744
1286943736
1286943728
128694371X
1286943701
1286943698
128694368X
1286943671
1286943663
1286943655
1286943647
1286943620
1286943612
1286943604
1286943590
1286943582
1286943574
1286943566
1286943558
128694354X
1286943531
1286943523
1286943515
1286943507
1286943493
1286943485
1286943477
1286943469
1286943450
1286943442
1286943434
1286943426
1286943418
128694340X
1286943396
1286943388
128694337X
1286943361
1286943353
1286943345
1286943337
1286943329
1286943310
1286943302
1286943299
1286943280
1286943272
1286943264
1286943256
1286943248
128694323X
1286943221
1286943213
1286943205
1286943191
1286943183
1286943175
1286943167
1286943159
1286943140
1286943132
1286943124
1286943116
1286943108
1286943094
1286943086
1286943078
128694306X
1286943051
1286943043
1286943035
1286943027
1286943019
1286943000
1286942993
1286942985
1286942977
1286942969
1286942950
1286942934
1286942926
1286942918
128694290X
1286942896
1286942888
128694287X
1286942861
1286942845
1286942837
1286942829
1286942810
1286942802
1286942799
1286942780
1286942772
1286942764
1286942756
1286942748
128694273X
1286942721
1286942713
1286942705
1286942691
1286942683
1286942675
1286942667
1286942659
1286942640
1286942632
1286942624
1286942608
1286942594
1286942586
1286942578
128694256X
1286942551
1286942543
1286942535
1286942527
1286942519
1286942500
1286942497
1286942489
1286942470
1286942462
1286942454
1286942446
1286942438
128694242X
1286942411
1286942403
128694239X
1286942381
1286942373
1286942365
1286942357
1286942349
1286942330
1286942322
1286942314
1286942292
1286942284
1286942276
1286942268
128694225X
1286942241
1286942233
1286942225
1286942217
1286942209
1286942195
1286942187
1286942179
1286942160
1286942152
1286942144
1286942136
1286942128
128694211X
1286942101
1286942098
128694208X
1286942071
1286942063
1286942055
1286942047
1286942039
1286942020
1286942012
1286942004
1286941997
1286941989
1286941970
1286941962
1286941954
1286941946
1286941938
128694192X
1286941911
1286941903
128694189X
1286941881
1286941873
1286941865
1286941857
1286941849
1286941830
1286941822
1286941814
1286941792
1286941784
1286941776
1286941768
128694175X
1286941741
1286941733
1286941725
1286941717
1286941709
1286941695
1286941687
1286941679
1286941660
1286941652
1286941644
1286941636
1286941628
128694161X
1286941601
1286941598
128694158X
1286941571
1286941563
1286941555
1286941547
1286941539
1286941520
1286941512
1286941504
1286941490
1286941482
1286941474
1286941466
1286941458
128694144X
1286941431
1286941423
1286941415
1286941407
1286941393
1286941385
1286941377
1286941369
1286941350
1286941342
1286941326
1286941318
128694130X
1286941296
1286941288
128694127X
1286941261
1286941253
1286941245
1286941237
1286941229
1286941210
1286941202
1286941199
1286941180
1286941172
1286941164
1286941156
1286941148
128694113X
1286941121
1286941113
1286941105
1286941091
1286941083
1286941075
1286941067
1286941059
1286941040
1286941032
1286941024
1286941016
1286941008
1286940990
1286940982
1286940974
1286940966
1286940958
128694094X
1286940931
1286940923
1286940915
1286940907
1286940893
1286940885
1286940877
1286940869
1286940850
1286940842
1286940834
1286940826
1286940818
128694080X
1286940796
1286940788
128694077X
1286940761
1286940753
1286940745
1286940737
1286940729
1286940710
1286940702
1286940699
1286940680
1286940672
1286940664
1286940656
1286940648
128694063X
1286940621
1286940613
1286940605
1286940591
1286940583
1286940575
1286940567
1286940559
1286940540
1286940532
1286940524
1286940516
1286940508
1286940494
1286940486
1286940478
128694046X
1286940451
1286940443
1286940435
1286940427
1286940419
1286940400
1286940397
1286940389
1286940370
1286940362
1286940354
1286940346
1286940338
128694032X
1286940311
1286940303
128694029X
1286940273
1286940265
1286940257
1286940249
1286940222
1286940214
1286940206
1286940192
1286940184
1286940176
1286940168
128694015X
1286940141
1286940133
1286940125
1286940117
1286940109
1286940095
1286940087
1286940079
1286940060
1286940052
1286940044
1286940036
1286940028
128694001X
1286940001
1286939992
1286939984
1286939976
1286939968
128693995X
1286939941
1286939933
1286939925
1286939917
1286939909
1286939895
1286939887
1286939879
1286939860
1286939852
1286939844
1286939836
1286939828
128693981X
1286939801
1286939798
128693978X
1286939771
1286939763
1286939755
1286939747
1286939739
1286939720
1286939712
1286939704
1286939690
1286939682
1286939674
1286939666
1286939658
128693964X
1286939631
1286939623
1286939615
1286939607
1286939593
1286939585
1286939577
1286939569
1286939550
1286939542
1286939534
1286939526
1286939518
128693950X
1286939496
1286939488
128693947X
1286939461
1286939453
1286939437
1286939429
1286939410
1286939402
1286939399
1286939380
1286939372
1286939364
1286939356
1286939348
128693933X
1286939321
1286939313
1286939291
1286939283
1286939275
1286939267
1286939259
1286939240
1286939232
1286939224
1286939216
1286939208
1286939194
1286939186
1286939178
128693916X
1286939151
1286939143
1286939135
1286939127
1286939119
1286939100
1286939097
1286939089
1286939070
1286939062
1286939054
1286939046
1286939038
128693902X
1286939011
1286939003
1286938996
1286938988
128693897X
1286938961
1286938953
1286938945
1286938937
1286938929
1286938910
1286938902
1286938899
1286938880
1286938872
1286938864
1286938856
1286938848
128693883X
1286938821
1286938813
1286938805
1286938791
1286938783
1286938775
1286938767
1286938759
1286938740
1286938732
1286938724
1286938716
1286938708
1286938694
1286938686
1286938678
128693866X
1286938651
1286938643
1286938635
1286938627
1286938619
1286938600
1286938597
1286938589
1286938570
1286938562
1286938554
1286938546
1286938538
128693852X
1286938511
1286938503
128693849X
1286938481
1286938473
1286938465
1286938457
1286938449
1286938430
1286938422
1286938414
1286938406
1286938392
1286938384
1286938376
1286938368
128693835X
1286938341
1286938333
1286938325
1286938317
1286938309
1286938295
1286938287
1286938279
1286938260
1286938252
1286938244
1286938236
1286938228
128693821X
1286938201
1286938198
128693818X
1286938171
1286938163
1286938155
1286938147
1286938139
1286938120
1286938112
1286938104
1286938090
1286938082
1286938074
1286938066
1286938058
128693804X
1286938031
1286938023
1286938015
1286938007
128693799X
1286937981
1286937973
1286937965
1286937957
1286937949
1286937930
1286937922
1286937914
1286937906
1286937884
1286937876
1286937868
128693785X
1286937841
1286937833
1286937825
1286937817
1286937809
1286937795
1286937787
1286937779
1286937760
1286937752
1286937744
1286937736
1286937728
128693771X
1286937701
1286937698
128693768X
1286937671
1286937663
1286937655
1286937647
1286937620
1286937612
1286937604
1286937590
1286937582
1286937574
1286937566
1286937558
128693754X
1286937531
1286937523
1286937515
1286937507
1286937493
1286937485
1286937477
1286937469
1286937450
1286937442
1286937434
1286937426
1286937418
128693740X
1286937396
1286937388
128693737X
1286937361
1286937353
1286937345
1286937337
1286937329
1286937310
1286937302
1286937299
1286937280
1286937272
1286937264
1286937256
1286937248
128693723X
1286937221
1286937213
1286937205
1286937191
1286937183
1286937175
1286937167
1286937159
1286937140
1286937132
1286937124
1286937116
1286937108
1286937094
1286937086
1286937078
128693706X
1286937051
1286937043
1286937035
1286937027
1286937019
1286937000
1286936993
1286936985
1286936977
1286936969
1286936950
1286936942
1286936934
1286936926
1286936918
128693690X
1286936896
1286936888
128693687X
1286936861
1286936853
1286936845
1286936837
1286936829
1286936810
1286936802
1286936799
1286936780
1286936764
1286936756
1286936748
128693673X
1286936721
1286936713
1286936705
1286936691
1286936683
1286936675
1286936667
1286936659
1286936640
1286936632
1286936624
1286936616
1286936608
1286936594
1286936586
1286936578
128693656X
1286936551
1286936543
1286936535
1286936527
1286936519
1286936500
1286936497
1286936489
1286936470
1286936462
